HX,HY,JX,JA,LP,LD,VS,VO,TCX,TCY,TTX,TTY,TBX,TBY,TRX,TRY,TS1,TS2,TS3
0.31257985632205487,-5.449737703893126,-0.44324679926077754,-3.288371690995608,-0.32218288170013554,0.9790799176796616,0.5208307324165241,-0.07078259931312353,-1.2289316052430754,-2.5608092456403395,1.8487291141003825,0.3708144980105077,-1.9349461220649509,0.1691236747007281,-2.3871055013354967,-2.393791452233069,0.9293334574049036,0.8760765466638385,-0.7492202755067703
0.8097916316420737,-3.880217239263108,-0.1486216972377276,-1.3581799012011233,-0.3256429395265148,-0.05776101784884036,0.16389471083586493,0.44630742684985125,2.116198139356573,-0.09162024083519427,1.5043862609787797,-2.819279009783285,-1.0050383856248652,-1.5492344266486295,-2.599556619050734,-0.550159969430041,0.049497127819314146,0.04015518026509046,-0.8708920032047369
0.07791004563310877,-5.440305448062239,-0.47665843020258136,-4.631026767286691,0.6248201661643071,3.966151541356087,0.44902420034733237,0.41213811242344367,-0.32233801507569115,-2.549908180834486,4.564560741258923,0.09118658344964725,-1.601284436641134,3.1884817215892483,1.0046171419633847,-5.941097904158843,0.4299780590018958,0.04220463206892644,0.5415765209778729
0.5943569634453832,-3.8990202317563774,-0.022658210471556417,-1.8877944888080167,0.03855599101777152,2.3163262404941047,0.6572366596755322,0.20799684928407128,3.78752165861645,-2.86756165372244,5.131892748304385,-2.116118320254224,2.7216212481736486,-0.5511595582733522,0.08492424244857588,-3.3488398187286306,0.6519485365169777,0.2946463929012664,-0.9016333160047412
0.25186337976453643,-3.5326259697575333,-0.3907854275549956,-0.5346373306173078,-0.5815700745407608,2.1218766169294625,0.9272795354279405,0.7281346772226127,-0.7110322080455309,-0.31313233659953177,3.349498658141353,2.4220184227696935,-2.999654960070905,-0.7329133249187416,-3.3504999740511074,-1.6458146187187026,0.9805653723949533,0.946809896171238,0.19485433103462446
0.843287470164645,-4.598855257680921,-0.24010815886696557,-3.620489975134731,-0.42656155304006127,2.6245757819086393,0.2643760785264865,0.05406737597291733,-0.8901518339609353,-0.7334678922424605,5.1097994678051215,0.6055337535655356,-1.9011650827517668,4.041676541051201,0.19953443976733531,-3.1624937609641925,0.051498848876838865,0.8165272619775079,0.3279113223913017
0.5820770618831451,-5.76718629561683,-0.07923085112969808,-1.497653213236954,0.8415100605543506,2.7731930573937724,0.7098286516985581,0.5168918726870383,-0.2282065067980743,-2.9908732286825823,2.3098196868814704,0.45325357660378396,2.1259959464779774,1.280089774872394,-0.8994239248372491,-2.3382572859810424,0.5423011149041366,0.0005491022108455867,-0.40618972617370264
0.7590156399383257,-5.225056737823294,-0.23600837784958256,-1.9516344265716334,-0.3164031033635504,-0.2842553078430359,0.4811752741823163,0.4703521620878036,-2.180133438831231,0.07893586627018756,1.5359121478535482,2.4076616429079767,-2.617179112653929,1.499297728011201,-2.6771747932774748,-1.0299674308020776,0.06301358122679401,0.4101377994866725,0.4913448367155562
0.18799751221175354,-5.219267759286613,-0.43909314547354616,-5.18864130298471,-0.3841812483452598,3.222656305813188,0.4580613367290012,0.6580907192818385,-0.29403002105490517,0.7119281962558137,5.384702888601491,0.759524034658491,-2.891633657613011,1.9315656871786642,-1.0772967003892164,-4.9161011566746895,0.4393185657019819,0.7220844327100316,-0.8667854667018846
0.319335829007489,-3.9877505953034977,-0.2862077167866658,-6.563420439474062,0.6207120236074337,0.5309252325981957,0.9978977822200434,0.902195486876117,0.2806910520131485,-1.6624097254352113,5.298516282145366,-0.13154797004935181,-2.247283667687657,2.8857024872363564,1.2864630770105965,-2.8003099769539643,0.5004801824979946,0.0932873268490938,-0.7399694604854397
0.36039696712399194,-5.494044577259095,-0.47199905265880865,-4.80937835466645,-0.1358474195958761,3.5101633785223054,0.08272512182605762,0.4698147860153733,1.3068293989246103,-0.5840552556115006,1.8943433636023905,-1.903184774700885,-2.8837002706957673,0.4344856641615822,0.6686419503794427,-1.2271736549640675,0.4712584639995434,0.5721935021009406,0.008032083649123223
0.2591761346179319,-4.1713801437069655,-0.10070978552615145,-2.787258348579001,0.6978243771687715,-1.3687060154579813,0.41336523713955875,0.04880677016358473,2.8097029315700137,-0.7675449163827608,2.859295506729633,1.119745994179266,0.21497541567329126,-1.0737903926295829,-2.594173741880363,-0.28067343655731314,0.14026193464837777,0.4598028293986004,-0.6911277879561433
0.31068297004976364,-4.396682229265963,-0.029674407426624916,-4.905123375367197,0.9385946311959097,2.519366600172644,0.717342331497603,0.04786650818735752,3.9104143241613247,-2.200237607864386,2.2335692359816695,0.15202378557262763,3.0769063693102625,-2.2011157824493877,-1.6951146689148908,-1.0880870823330628,0.7562688967128846,0.6777104265713253,0.21896145957184343
0.2441435050407189,-5.393064834072186,-0.45353514678502066,-2.4436078672337,0.35154694827641353,-1.6852321377718198,0.8124795575549758,0.24727861932325687,-1.3081517016726263,-0.3823893683806934,4.392081595001286,-0.43113616701138024,-0.9373231794850465,-0.22550344010256307,-1.946900816433061,-0.15919655500790775,0.19818328034466526,0.38440338855354084,0.8882020766258962
0.6805864225963661,-3.6935177207297043,-0.38457510036916526,-4.522005252479385,0.013390058441438146,3.885572267334341,0.34855482290116735,0.23047322181479327,0.8020364759174794,-2.820540653828768,3.573308908867466,-1.0081776487658436,1.7641506089318542,1.7313279788761022,-0.8266494046287196,-2.219656290012448,0.3360535064429171,0.2597333631256975,0.8698175522686491
0.897365487752924,-4.068172516828353,-0.05545610944842083,-5.571712921220661,0.770281853924861,2.94581074270142,0.5293218858769673,0.3220347049795228,2.5077461371822123,0.5086975855329685,2.3767998999564397,-0.7234929484755654,1.716777829186734,-0.8096110271109644,0.2129132097173576,-1.41363037624519,0.17863497019844776,0.4203629912318859,-0.242998457594358
0.46877111833029117,-4.319195677561749,-0.008682322704984091,-2.431702320213655,0.9438323186266071,-0.13822485600399426,0.48036304500885896,0.9352738498289196,1.8261100993245867,0.3483141855023497,3.0693689082726574,-2.479122258611178,1.9225140626238932,3.713322000394614,-1.4899625915736014,-0.4538310658775426,0.33233116157473785,0.46764474906646303,0.7969363718360896
0.16736108244019676,-3.9234562895518086,-0.41100812701300726,-3.0534073331203904,-0.8000595498225167,3.3919016297222733,0.8120289097090175,0.737217443771565,0.8353435549238539,-0.8809031080131784,3.191560826088891,2.103219085215045,3.3995970120097043,4.497448970663496,-3.9072355102453638,-3.576280498091828,0.6019932392742424,0.1207942135448552,0.6330893135878513
0.7738842415226447,-3.521642612148013,-0.43637104556885525,-3.2958556323736636,0.9039819651793917,-1.126582744524685,0.5973859436311668,-0.09123094421382494,0.4035877981772664,-1.4123437693131526,2.6800697494624734,-0.17866048395745127,-1.9069592339849621,3.24717603644544,-2.6542814834997968,-5.429882625704776,0.9764585516106502,0.4400589688193627,-0.7537677191407324
0.9849179931290186,-4.4405303011364206,-0.45307605753622526,-3.770543740459698,-0.7490530764633272,0.36787402514229894,0.12531614321786855,0.8327505547953451,3.048486131369355,-1.4222450375997688,4.546893488783345,-2.952209990076643,-0.06982123232939363,4.8379140826041125,-2.3128454714527855,-2.0283331456001936,0.6299175965382612,0.7396416070150386,0.8867383111290035
0.04250801293534601,-4.78989491863274,-0.4648458861239963,-4.428340333710032,-0.5452584460934269,3.369877453245117,0.14295035582481286,0.8410892125197209,-2.7954514021260635,-1.3692527308768487,3.2562903782099815,-1.4610944881074581,-1.4228217605658564,3.8352541027846474,-1.5462610797862313,-3.0717259913457204,0.345231689984691,0.9193424726888246,-0.9041522119596357
0.5497843160338755,-5.688868884841545,-0.22313220178392507,-0.6229907207364329,0.6190584276149054,3.8473173257691125,0.9961359610355676,0.28479059152294295,-1.2796607249556264,-2.8861859134769965,2.8540960755142026,-2.3334807035566225,3.2712716156897503,3.525197037120595,1.208006340989261,-0.13335491798342858,0.7888917101752133,0.45305375580369833,-0.7465555841665938
0.4287592649401941,-4.418163777370251,-0.23781369656496598,-3.8237514844934375,-0.1721251778573376,-0.14060184914099794,0.41837912159474144,0.619518259652333,2.1501303919048844,-2.9731817377940915,5.344911217672012,-2.908850102566666,-0.3743818842422222,0.4616165340421885,0.35847603621565494,-1.7878480171025286,0.7197721603853745,0.13681884559677238,0.8962494110134975
0.8025848404343184,-4.775840848392219,-0.1244967728580395,-0.33997521791503793,-0.532710899069831,1.4608207992836966,0.1580101674162735,-0.012961782875689859,2.9939547850990307,-1.317125704972005,4.149031249948562,2.003684215652032,3.813121124125109,3.059926506060939,-2.2486548856936404,-1.568155373243001,0.62148162611463,0.08950153533956073,-0.46816986860284193
0.16236131880643745,-4.959338599522244,-0.04000094776696084,-0.23702205148721855,-0.27318647800478235,-0.14378788853598423,0.826415320311076,0.26728938578112027,1.9800315248270852,-0.4973423184995869,5.295514923916316,1.6955580783706319,2.506847874321874,-1.4281479816708122,-3.2357694941317314,-4.083050946859871,0.7995533972872961,0.41012491685452523,0.22744483875890942
0.7942547077065426,-5.458278236470128,-0.16654312347939648,-6.704236983594062,-0.5140525627116512,1.5738147657241743,0.27461268037543796,0.45313936076209615,3.6051680294908515,-0.7016131068883289,4.59199721469782,-1.8682782167240641,2.4807824168619845,3.1904495240344097,-2.6540479546047466,-0.9054962404872757,0.1565543638328698,0.9434953960447442,0.5717848790584996
0.5918154070845257,-3.658206088691049,-0.09446395075322495,-3.265689097087773,0.423808066150849,-1.196170374596832,0.3949474658209683,0.2916686675608984,3.2241883298455924,-2.616112684863082,3.108054986219364,1.7244446664753719,1.6204913324919064,3.264711388733902,-1.4796769066967141,-0.3656300664382446,0.37902770152147847,0.19981283876901157,0.7395408923559978
0.9992876726461746,-3.913762093043291,-0.25246032601176444,-0.4286750010489113,-0.9497143639038377,2.3255470577011135,0.5772906858486598,-0.0871756206639157,2.690928547202115,-2.9924305631737327,1.973351235686453,-2.4187008523500144,0.5346556209814279,-1.5269866078255978,-2.4391431805521595,-5.626715402502862,0.46631255710393327,0.4804861043444312,-0.24711192485119238
0.5035095715519969,-4.458004399193248,-0.17272852374355335,-5.615051558829023,-0.06738487296140505,0.5715560151704167,0.9234932498396548,0.2775028871061712,2.211129888909565,-1.2584537282627837,4.986029923461258,2.0497400373881725,3.1251802783090463,4.630716896180344,-2.896593789760189,-1.2759351687107667,0.31413163669306177,0.9576191391210576,0.5277276368072206
0.23204025285812246,-3.692406361084621,-0.4082109431690772,-1.9187823942720543,0.7234194797316706,-1.3701546106895859,0.05005547384523423,0.8930695225481221,-0.9717142491307484,-0.5752055997936396,1.671916889995047,2.1010561912503256,-0.548171985426789,3.0151562968855457,-1.1756963070304165,-2.277152673103548,0.7128223623420121,0.8693062535516418,0.7838045346374443
0.12267357041383142,-3.6750992481141207,-0.024230803467088502,-2.574549482865862,-0.04975614580363641,1.9586496738158594,0.19504420720835403,0.41222783975273125,0.1434240161363438,-0.5658049265125853,5.082926744129444,-2.7504599250974664,3.1882562535313452,-1.6596748215894372,-3.4044069712906357,-3.015730947392183,0.33199593960740237,0.8434634271588715,0.05696113367449773
0.7879683497815455,-4.54478925034169,-0.13974945425027951,-6.161113093725697,-0.025081954077413204,1.1660808785534078,0.8821647176647778,0.0878183295172067,1.2558136736257186,-1.7450153743456718,2.54468926611381,1.4552362324598658,2.2542671764761275,-1.1858437483339976,1.5295562899341455,-3.844925220521022,0.16517229617112195,0.25540876912246513,0.5849815167466224
0.493262702599535,-3.969655365678481,-0.1978964897945334,-5.528050527861963,-0.7370113970978256,1.2780683475534182,0.14099885118333422,0.632342294076226,-0.7935798909342675,0.9322036954621162,5.259566469935237,2.4904986718859288,-0.29365456377253807,1.6607413378894744,-3.3210254416427736,-3.308089810240898,0.332925072071252,0.39034465318073075,0.5229539456896624
0.008508341118099061,-5.383265069342385,-0.23217850941538815,-1.6378082352110939,-0.3378117921496051,-0.7507622978356518,0.6969701432942322,-0.0714953069467006,-1.1585232142752355,0.9329567376213515,5.159668341107267,-0.11013339705203595,0.8499314652039205,0.8990469256223435,-2.701840284456394,-3.225431113442194,0.6601485225581726,0.40030095664416565,0.08460429930638802
0.7070222826371824,-4.459826482998077,-0.45350821809479885,-2.241703343863061,0.6765596722332603,-1.196623901411396,0.3882909783095808,0.43670827434664394,-1.976115619538085,-1.93811860649285,1.8365820500293046,-1.3780187676416853,0.5196381596544759,2.5502128127778807,0.09010710417692103,-0.5343392135613989,0.34335263289996876,0.6882671893450577,0.10104842923453772
0.36464372660745403,-4.545951370998918,-0.25132709521129964,-3.4794159137274727,-0.6281977584985756,1.5564303305640195,0.8317869705163679,0.8226158266708825,1.36632161519851,-2.0196709533601376,4.356371198848708,-2.9826093883365767,2.0663426964485936,-0.7376029168430351,-1.8120695180487774,-5.609704249506138,0.8806667513178685,0.013279655005841495,0.41985773887162736
0.9184340089140304,-5.089619512751302,-0.12367181866487842,-3.6748214103098285,0.7318282123408781,3.003439148813422,0.5512982437830025,0.7978639538310182,3.032250917667481,-2.0712980681092255,1.7376892171874077,1.6519745450450802,0.587490995099972,1.8820441984056453,-0.24669234991694555,-5.964919932575001,0.03728872424161955,0.049125536697167016,0.2528361945218609
0.0847970562342163,-4.935851497925101,-0.33608893039526994,-1.5614574774590144,0.4513351164504935,0.6112511385793908,0.5174680092512318,0.5031801435166813,1.6351604412790604,0.07002224461927709,2.4024662832033656,-1.020359792111317,1.3362942041329484,-2.8937718328118525,-0.12678913234780964,-2.9361035903250086,0.13458475520174706,0.23538051411686256,-0.29027600023252553
0.1690340605677968,-5.7586586845093795,-0.372677269865834,-3.121203207512026,0.5651850056682866,-0.7081886118626672,0.3920295356055804,0.893568090541866,3.742390068008195,0.04260774671634948,1.6578235133653365,-2.2572227861254106,3.4673518095485436,1.9057823353472507,-2.71180480386486,-5.964304631071679,0.4001669645357846,0.0534620161125281,-0.808401847283515
0.42702788481434917,-5.8438539062263475,-0.3042048054581181,-3.129925494007156,-0.5855498980396234,2.882226400324849,0.9920319695424091,0.5200721000614235,-2.803367362643084,-2.6728250044514756,1.780281378483271,-1.8043238022664583,3.581371299495051,-0.951676390760344,0.40422583888373076,-3.2657737927236807,0.20415235365581308,0.7180522823982661,0.38012688042735254
0.17245810013670937,-5.920018172528404,-0.42116870550357,-0.565735846125996,-0.5329331545342983,-1.1320562346305438,0.6307557237494018,-0.032142329762468086,1.2418000923082584,-2.137412721425362,3.537954411408932,1.564806872730494,3.4428005785829443,-2.617151074932252,1.0151037308657394,-0.7608209679733182,0.7697150679403895,0.7771015528705537,0.2893214305636933
0.449928616519482,-3.6320787917785116,-0.018964468780607258,-5.917820567582563,0.7712300833241201,2.8601162092976997,0.9811646409667155,0.5166357137267137,-0.16716420251584996,-1.5758277252593635,1.9019988888958088,1.649112789873703,-2.702429969304939,1.622675756677574,1.1829428767637644,-5.960345125330652,0.6101552802735953,0.8630707468107329,0.5282487579953745
0.18271725298641905,-3.7923531155297807,-0.28403394621365013,-5.7050725833106934,0.25562044284381713,-0.311248068665708,0.25449918948573735,0.957594802006898,3.972192904287314,-1.8979752835645987,4.8460430954653635,-1.997788757057069,2.080746487504384,-2.0705020713009166,-0.2231132606900248,-5.159110022289698,0.19649672114734285,0.6421201452040626,0.8075297220314404
0.25650983856402876,-5.6814592865874385,-0.07166001415532602,-5.953219241456224,-0.18477544258347267,-0.23552295658989153,0.26983961408419355,0.7395138991833067,-0.08471795362241474,-0.5379125615806002,1.867580425973884,1.2453295274655858,-1.4352569804432358,3.9088116463638825,1.6696911710874254,-5.25321085510516,0.5106263821765779,0.8430814887270695,-0.28746772650006336
0.7712626937284365,-3.892786294284062,-0.06607381615066876,-4.883425543314118,-0.5891768498784107,0.14958801417724032,0.8271770905803323,0.7044955227789781,-0.7236329790056342,-2.9211240013876862,4.912388182166271,-2.12835852136456,-1.2646984832733295,0.6093132710972533,-2.0599335286487364,-0.8369363089783501,0.5306432019700557,0.4692305308634437,-0.5447835110985491
0.31739011086429736,-3.6024226266007067,-0.15693772066920247,-6.192453581001066,-0.334309863210718,-0.0766264730003079,0.8242300370354979,0.5016257967089837,2.0348870307789824,0.4693238474847923,4.937744475906387,0.7495630493469236,3.323812901259781,-1.0403120629487947,-2.4253917777053324,-5.701545084801609,0.2504968831109632,0.2835115468393201,0.7529021353868739
0.47583525898512347,-3.75591476304266,-0.407460544319702,-0.9665010275284205,-0.4233387437712004,0.47905046748634916,0.02965330149069667,0.47088690875871975,1.690439777436013,-1.418885692959286,1.8388743775094527,0.3060982282500637,-1.7010407124632319,-2.473100367318181,-0.7995627303655755,-5.390592120505342,0.9489502261085891,0.7373185669949278,-0.5695432264830194
0.45566816313670533,-5.513530830642504,-0.4147493250640297,-5.676383445699075,0.9928861382265262,-0.9961587535623786,0.24681472806504712,0.7204379564934495,-2.079683567601744,0.14409284837358083,4.3810230856471915,0.3190361346726789,2.869587872566078,-1.892840791112846,0.2810075783064896,-4.947312435359997,0.3935417150327144,0.8613130848909549,-0.7615827580664081
0.0714526229673742,-5.140480946495895,-0.2226036975956152,-5.231729159815451,0.062679621439105,1.5443189772333068,0.07446268272808265,0.02304160153366487,-1.2886048398791115,0.5035046903417117,3.8012156729295676,0.3326089629474196,-0.0413078545804928,2.6509677035026726,0.05965030355515655,-1.3640350519423023,0.8621979525657987,0.028992088288320672,-0.0993869851819904
0.8550593614287835,-4.73039026605629,-0.2852589775345056,-4.533154152329519,0.876620062260572,2.783454392785085,0.5761738015667085,0.6856712139221229,0.7654568733361842,-0.42202855322063026,4.690165504003239,-1.38426480717639,1.0475738963077434,-0.6739240871934289,-1.0219728205569307,-5.511979413951302,0.4602518033659916,0.48584950463145493,0.14199810550101422
0.9853190701338945,-3.814670895702151,-0.1159975837406853,-3.338751240813462,-0.7600349136864184,1.9134671352461599,0.20194067275076266,0.2888506718001548,-0.2929983829857572,-2.040199097626601,1.9700335015489423,-1.6543077342407309,-0.8587192088347289,2.112991179210338,-3.069748874631441,-0.056793704584804594,0.29575488550318263,0.584532425850267,-0.5128683964285345
0.33302008141699,-5.35670796675456,-0.4815193683743061,-5.838141425977135,-0.9427694435507958,0.45962649771363306,0.6592534857872134,0.6513690029317247,-0.6740632873625501,-1.4783678467574943,3.418440348537475,1.12298895225861,-2.7454827873811976,3.1622817062106297,1.8008615837296942,-0.736161561116826,0.654774221140141,0.9214461044426674,0.29627747910404034
0.8341537631920203,-5.6940363991273175,-0.4160063576320473,-5.398043277919951,0.3126196183128007,-1.1883412100820776,0.29024423466880933,0.8209497184850808,-2.9262016714979495,-1.4585406791695066,2.4938681576608395,0.9942473906223386,-1.3322228184555536,-2.840400034613813,-3.557083511787702,-4.12994635468722,0.12687689495069043,0.08960687233937259,0.9318836229075982
0.8798325592036523,-5.332021537396675,-0.16454455614823144,-5.81979720513929,-0.4474142849824225,3.335267494194473,0.7621825736243335,0.7052905300460656,3.6173670645729015,-0.6039051669671762,2.8004541138346672,1.7319921026163154,1.3416451123336923,1.61427655679862,0.2944377604643602,-0.23639981957764533,0.7653495880163375,0.45905117337996004,0.1645589369260072
0.7205999859282097,-4.895632288328296,-0.2552960813429343,-3.050180491221152,0.09931158703108722,-1.938072922075654,0.8277155421136693,0.49090591534881267,2.0698822684994553,-2.9472880421581618,1.6250595387837339,-0.789916778511095,2.7770259194309705,2.7922810397208284,-3.7170469960580554,-0.9970787706500008,0.8672958923152408,0.8835951401973327,-0.727473644820186
0.8778481017282729,-5.48936419825214,-0.4192197807635486,-3.928801393880625,-0.548905727063792,2.931760555352583,0.07831126259821453,0.18322018954442545,-0.9750941167579041,-2.536037530285878,3.311774208322204,0.7587226873388415,-0.7731004507224717,3.0088162890566714,-3.66972132994813,-4.837193074807536,0.11098943383928772,0.4929916166209416,-0.6255625914421541
0.9393565265131943,-5.680088018906332,-0.03647826870735632,-1.1141133594521815,0.26757930101373373,-1.4355820131025647,0.7332292975815579,0.6824590162997525,-1.2712968816360806,-2.218875391930239,3.12958406836659,0.028131993198244665,2.108809460466917,-1.7899800285918515,-1.70152414910463,-4.251097617374176,0.9324695873668624,0.05303084174378192,0.4168583732334228
0.203843732556948,-5.115608356233091,-0.25295927366022936,-1.6901946968165191,-0.3060346729024219,0.9146364861940781,0.38574368022675576,0.18020795578982565,-1.676407232037434,-1.276252336948481,4.92672176515303,-1.886931814289163,-1.2369573070074276,-2.0735841321910913,1.9321694614048024,-5.561645373024356,0.4899419972744734,0.13191356119441722,0.635685838169558
0.9189397741027792,-3.6695952856677154,-0.18629955284057326,-1.4890174448412186,0.15640963369057914,0.018227904139926032,0.9912668640761104,0.04545990492920757,1.9844198393174004,-0.7318057054830875,4.159967316076605,-2.794698352741243,1.9178420703798027,-0.8668216176701202,-1.6315596262479821,-0.4699361167585563,0.6557875266968585,0.7619109879650254,-0.050953281604546596
0.34216033731798823,-4.316632487076605,-0.4488066248050777,-2.1689275383378916,0.8054492927586718,-1.5363345956532326,0.6970848395108674,0.38612696388223133,1.3279940570590183,-2.0042900750500383,3.323809399395597,0.603945163109612,-1.8479870236273324,0.32103759977025614,0.34262661621389334,-4.778434350856327,0.5733195099116423,0.530134561789793,0.44958233997778874
0.9405234552249535,-3.5814720105045117,-0.14929541827497994,-0.5245247913769244,0.20187870743371605,1.8866862581525776,0.6049678783693767,0.8935204961136151,1.5360335513823307,-1.357799954501607,5.0009156260284815,-2.6902957225247155,2.579960974969331,3.231176693437998,-3.338746743209486,-3.8755017759524915,0.26361603753476415,0.10298272178750612,0.3657695399166976
0.7138489697178909,-4.937811734386548,-0.05322185989718092,-5.263282123806474,0.18629032898713116,-0.6275143281334663,0.36845545589685724,0.7574075179162191,0.16998968899707956,-0.01926097522585346,3.1129044208756294,1.3605470313354484,2.90576623338446,2.3375152067313003,-1.1381552099472412,-2.3194192035781653,0.3061552515910365,0.03722063491407479,-0.5990456009008551
0.45418739104447825,-5.77585738815994,-0.08990247099004245,-0.6697181966125605,0.33044864083107783,-1.3759924258038252,0.16557867786584113,0.7453720485688851,0.1507272102435735,-1.4961510102517384,2.948397441341242,2.093998183413153,-2.074599563027565,4.551868414850585,-0.02982550320093935,-1.1910349995065745,0.7972556640396813,0.8167828728165965,0.3011111182558315
0.37640736133936514,-5.26857003315743,-0.3964092021661475,-3.9869754852927737,-0.07513531760202108,1.3596591608316464,0.06956301955506916,0.9594613662305883,2.9009912385947336,-0.5652145191611271,4.408875482935635,0.8979784358611305,3.3085183176513473,4.4856591399326184,1.2031623031217737,-2.627416463105458,0.5782672661447402,0.7462453254412755,0.005077754988044969
0.21029708888158705,-4.570580621838046,-0.23780929498717485,-2.555999720415646,-0.5418132435677199,-1.1759007852932246,0.020157817097418818,0.9982001407184563,2.5848931894112583,-0.4915417591634563,3.2046021544526355,-0.09000367258663156,-0.08790081609306277,1.9938735928708615,-2.035168085601984,-5.312732721559431,0.035628705340130185,0.20295072570495076,-0.770262260154525
0.0068801524052579666,-3.8512696452255337,-0.27693706691449904,-5.863285929209427,-0.984821030341865,-1.253144728639372,0.3928322471179847,-0.02792960940959005,0.9724715588118684,0.3692723833867513,3.739465536562294,-2.806385073066912,2.471690732012866,4.9093284646479916,1.5005657690917236,-0.5823581784540011,0.5750331537712637,0.42289020300602975,0.5916359097998647
0.24779545348744103,-4.251254855776177,-0.1904433731213428,-5.815105138595183,-0.17872431652068466,3.23022913435633,0.9643741146374938,0.4352062375830763,0.5891094695738683,-1.516879177137572,2.0614283639009394,1.9487618360407684,-1.3545724945010678,1.2535705379952296,-0.21339874368917533,-4.478244190551482,0.42836544213179506,0.041396256962979106,0.6726844419342122
0.24195549733447663,-4.727357880612129,-0.007536850618644397,-4.422401746576063,-0.591114284226782,-1.524742248090892,0.46979302436313675,0.11558774148496559,2.5008005769211454,-1.8609320113464247,1.5723102629279326,-2.3929432378107873,3.1074966528672636,-1.0292461616732895,-3.3979004553686316,-1.3636164169603182,0.27719650163577947,0.8748378442529989,-0.6802308233576948
0.17173381041521352,-4.999355042640584,-0.31589182133280697,-0.6610668646139546,-0.7378347688076659,2.8865813665876026,0.36981381893529175,0.6153606116586052,0.06186763282821639,-0.5937481781446707,2.562278311451764,-0.9765113002321724,-0.3366295944708759,3.3141614058437234,1.6096225145004315,-0.36596162706310587,0.5834750365148687,0.5251247678653634,0.3479603839078449
0.319743885584009,-4.2019937256205075,-0.31356744350338356,-3.159589685143214,0.06842409805935334,-1.2148009618989244,0.9489078966185459,-0.04531139078528769,2.856706478416501,-1.686708441622685,3.8943560239716892,0.6154602870617474,1.2337266899671961,0.45116569704542986,-1.6700013127805162,-5.192196743925645,0.4726110169445841,0.8681251747795602,-0.6224882688646918
0.08741153879511909,-3.6307228574759205,-0.11840621045374283,-4.910317268006302,-0.4213077495466482,2.244946003508928,0.6850671257380934,0.2756217922070622,-2.837881030781164,-2.410734930499582,2.6489731539632952,-2.797635051022537,1.3523886107797018,-0.5054137452464529,-1.5635063176078527,-3.2864557054519024,0.9186936679591577,0.6845142341992009,0.38866582753789025
0.7621924089626567,-4.458819524437807,-0.014433071706355327,-3.8330854082960384,-0.5288146215273224,2.9875880147602407,0.6323139083703827,0.12722347111979088,0.8651373268839526,0.6382133249621584,3.6895073947708736,0.3481621790913252,3.5160784184592435,3.9684639115596836,-2.994933549483992,-0.25400884441965577,0.7026829035891458,0.0643579996413336,-0.2852068578191824
0.1854936490216117,-5.683646470786938,-0.27719591612236744,-5.319576984674665,0.07222704764131893,-0.32907617363478003,0.2897691652132064,0.6899147321394231,0.7174214296274859,-0.4517169761934552,4.948826342390955,-0.8012494844660427,2.1149197992588302,2.881598049645117,-2.9424129475510665,-5.261506296409777,0.8046029165653394,0.7922847802724726,0.33477209123837603
0.7247648214323702,-5.05271780071259,-0.4915414376700494,-3.6741067065793245,0.4711578433666279,3.242666617794648,0.008124755835358322,0.3808684701970211,2.616027946641558,-1.04089491785346,4.359064573406917,0.45177042989984084,0.4062230689948154,0.6942689326685176,-3.3098271968160833,-5.7371429980911035,0.11728888948700045,0.42037536172790335,0.868900661145096
0.8428800099579274,-4.771778116422511,-0.3245969318179305,-6.698873906237675,-0.09434637561612624,-0.8571767541173625,0.02252551603707953,0.7607573150326903,3.922394440690474,-0.7196126126489242,4.517851089893814,-0.7820517635380653,1.2173465677506021,-2.985655228823897,-2.2053377132464296,-2.647711239024029,0.21714038407167702,0.9513755238520408,-0.10493307117127837
0.602461588435155,-5.158576429034147,-0.24007911778290064,-4.195232085739251,-0.49238500106119165,-1.6288698451797274,0.7481680703476511,0.8378485746343306,-0.29658684218250286,0.5764168017068108,3.727438474462287,1.4495271276514679,-1.2779065590370027,-0.9438588462345132,-3.2437306333746156,-2.311830492913325,0.33776468565902606,0.895815449876692,-0.11035954802983472
0.1680071737388279,-4.710303300409077,-0.04886544457105363,-4.563502779179366,-0.6680361696196406,0.2574910093723708,0.7849568285958959,0.7623357653928785,2.6514372539645494,0.995261189262981,3.585971950843772,-0.6000547714069064,0.019087337523071124,-2.1199453149017327,-0.6627439518442939,-4.061185543943131,0.08637276945667638,0.8168202022825605,0.17146389804091178
0.9359096540951433,-5.494025874196666,-0.3798338415707296,-4.419111375156916,0.17641319322756233,0.09820090799413395,0.7226952633564827,0.8927954979689351,0.8782349488094519,-2.9524324595587794,3.5273309029481292,0.6470880069009728,-2.947925804212809,-2.6465972344233606,-3.2952354890875233,-0.5416260424970307,0.20159131396703944,0.8028730999585655,0.15460191324334382
0.6268409491827986,-4.44123545684595,-0.29753928197723994,-3.2507069870677165,-0.29386558330787804,-1.0494624056918702,0.9527856643262765,0.7990389622176122,-0.143486938883286,-0.9573691647183753,5.121439758263335,1.9368092836323694,-0.30752708463786815,1.1988173733050465,-0.7127756399427669,-4.192115565774064,0.24582085637978068,0.8307652090109233,0.7593292548854482
0.7921057531530993,-5.107482007963749,-0.45838635928441157,-5.373149953469197,0.015989907211475085,-0.4121924311392142,0.3775701611915886,0.8383393642583373,-1.249586201290095,-0.7091344768810082,4.293887780229415,-1.7542311475312145,0.36330160375049525,-1.3668186961022721,1.5787383251592875,-1.4084331384638578,0.8416201809730639,0.06483007535946606,-0.305988769625003
0.5044551992558373,-4.99920751716202,-0.11890881192355396,-1.5688135344713006,0.7427356353923071,0.5658370356077933,0.8518844101067772,0.6063641616692433,-1.125718038884105,0.7998205530716596,2.9699058098669346,-2.129352340163532,1.8606547628365773,2.4184178101786493,-0.16077259001520705,-2.532118646351625,0.2838176444999416,0.6502457187344116,-0.22722455348406045
0.03148700507455571,-5.213248989549724,-0.1809775537040189,-4.356420309195925,0.11269437574625574,-1.3499007952252426,0.3491848050310702,0.7036261686924391,1.720286489261449,-0.6126942343128792,1.5485574846286836,-1.8945498505569065,3.510215146350955,1.7807917182128987,-3.3781995806842557,-2.400868950445503,0.9937669791395174,0.20694500066785104,0.964744594256062
0.2685313969217148,-5.094241850879882,-0.21846730099516887,-0.4014172770330422,0.9447183151558891,-0.31869013685736736,0.4536478031215958,0.7333746876182748,0.21774713761852915,0.37771265543696364,2.4425992753095223,-0.736268168639759,0.02004592843118047,4.825223795273966,0.5372184579060537,-3.2462099325309035,0.4815003010157609,0.11843446846368577,-0.19986547165045065
0.0023295402559753153,-4.747439201555602,-0.010430012019939539,-4.483222401424037,-0.6773038225950558,3.586191746140871,0.07324191289631543,0.46806143017281576,-1.813777934651871,-2.972166579135641,3.3656360719937513,1.0789190313905497,3.4440690191160153,0.8165465505060183,0.8521363686710632,-5.013445991457521,0.983776974704733,0.057422622555044045,-0.6208825735793115
0.6897111691078167,-5.131467380554129,-0.19356157276300767,-1.4281838075146203,0.6005936071310001,2.65673436821373,0.29465860065454375,0.6722688484044024,0.6570286523712592,-2.2915873645976395,2.5302002215418216,-0.11632274003119214,1.1083585938861802,1.7608263797772965,-3.067159525160725,-4.157275362896826,0.7709301806712785,0.842591452525798,-0.9434049521462893
0.8939333966478088,-4.435965316772741,-0.3830679728634018,-2.0761261880528297,0.8014376753228312,-1.636727281028726,0.8619543613560042,0.9657125335789613,2.5719806696519,-2.0926047149585636,2.392847681697974,-1.6114665194814624,-2.5794244324624502,3.0727255282015333,-2.630249404684373,-5.160220959450065,0.5423850431039853,0.8332874660987218,0.36850108914825896
0.3974688718043534,-4.601734010521469,-0.016216550873971558,-2.69546775284934,0.0689339299116698,3.088648856453715,0.034608821541420975,0.5195378194301873,3.866522590819984,0.04988105337804649,4.194766031074465,2.28854183830998,-2.0853578902567276,2.8275617256753733,-2.2654851133386424,-5.5144691484272945,0.7671443669320035,0.9901200051292014,-0.31756739748769025
0.8493608009703644,-4.789316963442123,-0.28786243897605673,-1.8156518997006748,0.996384167559178,-0.20049660975712125,0.9919302762928133,0.624659775104961,2.6770673720106055,-2.640178153592847,4.699912468184953,-2.4960974094938693,0.10044216002063067,-2.075604763268596,0.879342636764644,-3.9943018662407304,0.5761315651862082,0.9007889750555236,-0.8976069137874696
0.4054756538051484,-5.658253829748756,-0.09471826427485697,-3.184352748496427,0.19122802507513836,3.975079302700826,0.969835837920938,0.14660999923846943,3.4843021113721555,-1.9379456069021783,3.3696643237411075,-2.3730948605289965,3.9403296704698603,-1.5290339700861972,0.44576825650679375,-0.6449003523541865,0.5187737402672701,0.9027727356143767,0.08611073828963178
0.6465449123770531,-3.8385486902858488,-0.2627192997843769,-1.9946719964648176,-0.3891749471877668,-0.27092315463567074,0.23663669468968007,0.6202460490166006,2.7508812947026025,-0.5586407859642688,4.95660987513401,-2.3606267478854726,-1.0029652979967214,1.7213588877559962,-3.043981504947027,-3.8654881809568025,0.875544285220488,0.7942407948089399,-0.47380184107773893
0.8918931534300767,-4.076672952974912,-0.11903361404998136,-4.724721939956095,0.28378441639928864,1.0914327955343648,0.14343811634572545,0.6735141426144907,0.1787057670827985,-0.2765135883774881,5.461263832939734,-2.670882751012817,-0.28841061826963044,3.0060065691587567,-0.37531391646485135,-3.404053378653619,0.5056918548588776,0.8008740257990055,0.47039391236565375
0.3432033201596191,-5.988895101127375,-0.02695977313808623,-6.248185485886433,-0.4666806238531569,-0.4430707179651061,0.9760598028662709,0.9798154590995666,0.9994149193347419,0.40832095545197555,2.253648952113154,2.364738734993873,2.773298275119336,0.2762936119959276,1.4648806498003086,-0.3048664380933426,0.566354061760866,0.6644050846292516,-0.46923152020936
0.9624483895112873,-3.906294085272431,-0.03267115863390713,-2.624508597898731,0.2967538244190744,1.9346696627695565,0.4820488762896895,0.8628176238405418,0.8798869822840958,-1.5122823233123053,3.3978749850099272,-1.9130387242282603,3.0065246340275573,1.8806619481590925,1.7551928780044506,-2.0458291737028675,0.020064702037736803,0.8852194229725665,0.03769154275689024
0.48667120288584453,-4.098009131015298,-0.08323289056901167,-3.1548686158402184,0.985758618878424,0.14117590133366154,0.4669857122172053,0.999883383830359,2.8217060712939945,0.017118294882339846,2.74977477642825,0.1348525756135075,1.4561154327162429,-2.9224298836326508,-2.4192222618405066,-5.880851447246339,0.11798199347183436,0.7245751834641649,-0.4247428918350227
0.2735526663880794,-4.775951241671258,-0.45049452756256797,-2.6054915868160418,0.5737610447465122,2.6731670197919444,0.014436526633625268,0.6442687293367946,0.9025137723740815,-1.404939658450417,1.9329871738234266,-2.0377888889503066,-0.46039647394702676,1.3224663080213626,-3.306036482821405,-4.297124385746485,0.09459575452460889,0.5327364230463728,0.3012429288941134
0.0653513793541427,-5.949225935054105,-0.03648890193920701,-0.9920322570893356,-0.08454549712688264,-1.4109103234776303,0.1551177718437874,0.6170692028465384,0.738021233118221,-0.5907872181269971,5.019980640810383,1.3267437945751483,-1.093461025842015,3.6056713520920276,0.22822268569206106,-3.4025176019339787,0.6863357462730275,0.3633074827322428,0.5273615625808616
0.9489200722283005,-5.334992040469171,-0.06349487837710954,-4.357214855308998,0.687715479396791,2.056762377533829,0.8298190309797971,0.5509064419403268,-1.930101276193553,-0.4221355839687706,4.6757088558032684,1.2326436595199013,0.6543092553873131,-1.0042527192261934,-1.8090026026464194,-1.355395972746626,0.626935345221325,0.1959195640908472,0.17643652600767146
0.8393955239423594,-5.536966983222854,-0.49303293066415466,-1.1641911542462928,0.013289716566768472,-1.753731516577858,0.5364547759670159,0.4538038933771501,-0.2157296063332419,-2.822826053749732,2.455313144630714,0.05573831308213251,2.5380595912486656,-1.0189719645566369,1.2257866872663303,-5.332483577275565,0.8713135081046772,0.21188220621366416,-0.5804395193670346
0.24368086362173735,-4.400021226991505,-0.30757507181852844,-5.1711287005840045,-0.07702239814895084,-0.12071638083368863,0.7541658580787789,0.16902320208408303,0.7837844768431625,0.4206970074871528,2.121327067544044,-2.7104061060300415,-2.4529127391480983,2.692290844967639,-3.146900610431958,-3.0455883846773713,0.24575121784983,0.7854342174582607,0.01042759559434181
0.9884440015629664,-5.040428570562668,-0.4434602776977809,-5.924976159680867,-0.6274717457337355,2.8865038239795355,0.9666214773650602,0.06135649163212839,-0.7234935749515037,-2.176126875224465,4.995815555353885,-1.6365760394486317,3.150255843462297,2.8525249828415653,-1.4360989073673318,-0.39831536913677823,0.9880511378224002,0.7612660681568689,-0.03381359455801092
